                                                                                             
                                                                                                    
                              ____________________________________________                          
                             ||_________________________________________||                          
                             ||                                         ||                          
                             ||   111      22222     3333333   44  44   ||                          
                             || 11111     22   2         33    44  44   ||                          
                             ||    11         22        33     44  44   ||                          
                             ||    11        22        3333    444444   ||                          
                             ||    11       22            33       44   ||                          
                             ||    11      22              3       44   ||                          
                             ||  111111    222222     333333       44   ||                          
                             ||                                         ||                          
                             ||_________________________________________||                          
                             |__________________________________________||                          
                                                                                                    
                                                                                               
